{
    "Pname": "FASDF34VW4V2R4",
    "Level": 0,
    "Experience": 0.0,
    "HP": 0.0,
    "Position": {
        "x": -5.028983116149902,
        "y": 2.509999990463257,
        "z": -11.809501647949219
    },
    "Rotation": {
        "x": 0.314869225025177,
        "y": 0.36344727873802187,
        "z": -0.13206429779529572,
        "w": 0.8667885661125183
    },
    "SceneIndex": 3
}